1 5 25 27 31 34 40 42 46 50 54 58 62 65 70 72 76 78 81 84 87 88 91 92 103 
1 13 25 28 31 35 40 41 45 49 53 57 61 68 69 72 75 78 81 84 86 89 90 93 103 
1 13 25 27 31 34 40 42 46 51 54 59 62 68 69 72 75 78 81 84 86 89 91 93 103 
1 13 25 28 32 36 40 41 45 50 53 57 61 68 69 72 75 78 81 84 86 88 91 93 103 
2 13 25 28 31 35 40 41 45 50 53 58 61 68 69 72 75 78 81 84 86 89 91 92 103 
2 13 25 27 31 36 40 41 46 50 53 59 62 68 69 72 75 79 81 84 86 88 90 92 103 
2 13 25 27 32 36 40 41 46 49 54 57 62 68 69 72 75 78 81 84 86 89 91 93 103 
2 13 25 27 31 35 40 41 46 50 53 59 62 68 69 72 75 78 81 84 86 89 91 92 103 
2 13 25 27 31 35 40 41 46 52 54 58 63 65 70 72 76 79 81 84 86 88 90 92 103 
2 13 25 28 31 35 40 41 45 49 53 57 62 68 69 72 75 78 81 84 86 89 91 93 103 
2 13 25 28 30 34 40 41 45 49 54 59 62 68 69 72 75 78 81 84 86 89 91 93 103 
2 13 25 28 32 36 40 41 45 49 53 57 61 68 69 72 75 78 81 84 86 89 91 93 103 
2 13 25 28 31 34 40 41 46 50 54 58 63 68 69 72 75 78 81 84 86 89 90 92 103 
2 13 25 28 31 35 40 41 45 49 54 59 62 68 69 72 75 78 81 84 86 89 91 92 103 
2 13 25 28 31 35 40 42 47 50 54 58 62 68 69 72 75 78 81 84 87 88 91 92 103 
2 13 25 27 31 35 40 42 46 50 54 59 62 68 69 74 75 78 81 84 87 88 90 92 103 
2 13 25 27 31 34 40 41 46 50 53 58 62 68 69 72 75 78 81 84 86 89 90 92 103 
2 13 25 27 31 35 40 42 46 50 54 58 62 68 69 74 75 78 81 84 87 89 91 93 103 
2 13 25 28 31 34 40 41 45 50 53 58 62 68 69 72 75 78 81 84 87 89 91 93 103 
2 13 25 28 31 34 40 41 45 49 53 58 62 68 69 72 75 78 81 84 86 89 91 93 103 
2 13 25 28 31 34 40 41 47 50 54 58 62 68 69 72 75 78 81 84 86 88 91 93 103 
3 13 25 28 31 36 40 42 47 49 53 57 62 68 69 72 75 78 81 84 86 89 91 93 103 
3 13 25 27 31 35 40 41 46 49 54 57 62 68 70 72 75 78 81 84 86 89 91 93 103 
2 13 25 27 31 35 40 41 46 49 54 59 62 68 69 72 75 79 81 84 86 89 90 93 103 
2 13 25 27 31 35 40 41 46 49 53 58 62 68 69 72 75 78 81 84 86 89 91 93 103 
2 13 25 28 31 34 40 43 45 49 53 58 62 68 69 72 75 78 81 84 86 89 91 92 103 
3 13 25 28 30 34 40 43 45 49 53 57 62 68 69 72 75 78 81 84 86 89 91 93 103 
3 13 25 28 30 36 40 41 45 49 53 57 62 68 69 72 75 78 81 84 86 89 91 93 103 
3 13 25 28 30 36 39 41 45 49 53 58 62 68 69 72 75 78 81 84 87 89 91 93 103 
3 13 25 28 30 36 39 41 45 49 53 57 62 68 69 72 75 78 81 84 86 89 91 93 103 
3 13 25 28 30 34 39 41 45 49 53 58 61 68 69 72 75 78 81 84 86 89 91 93 103 
3 13 25 28 30 34 38 41 45 50 53 58 62 68 69 72 75 78 81 85 86 88 91 93 103 
3 13 25 28 32 36 38 41 45 49 53 57 62 68 69 72 75 78 81 85 86 89 91 93 103 
3 13 25 28 31 35 38 41 45 49 53 57 62 68 69 72 75 78 81 84 86 89 91 93 103 
3 13 25 28 30 34 38 41 45 49 53 57 62 68 69 72 75 78 81 84 86 89 91 93 103 
3 13 25 28 32 34 38 41 45 49 54 57 61 68 69 72 75 78 81 85 86 89 91 93 103 
3 13 26 28 30 36 38 43 45 50 53 57 61 68 69 72 75 78 81 84 86 89 91 93 103 
3 13 25 28 31 35 38 41 45 50 53 58 62 68 69 72 75 78 81 85 86 89 91 93 103 
3 13 25 27 32 36 39 42 47 50 54 58 62 65 69 72 75 79 81 84 86 89 90 93 103 
3 13 25 28 31 35 37 41 45 49 53 57 61 68 69 72 75 78 81 85 86 89 91 93 103 
3 13 25 28 31 35 37 41 45 49 53 57 61 68 69 72 75 78 81 85 86 89 91 93 103 
1 12 25 27 30 36 40 41 46 49 54 59 62 65 69 72 75 78 81 84 86 89 90 92 103 
1 12 25 28 31 36 40 41 46 49 53 57 61 68 69 72 75 78 81 84 86 89 91 93 103 
1 12 25 28 31 36 40 42 45 49 53 57 61 68 69 72 75 78 81 84 86 89 91 93 103 
1 12 25 28 31 36 40 42 46 49 54 58 62 68 69 72 75 78 82 84 86 89 91 93 103 
2 12 25 27 30 36 40 41 46 50 54 58 62 68 69 72 75 78 81 84 87 88 91 93 103 
2 12 25 27 30 36 40 42 46 49 54 58 63 65 69 72 75 78 81 84 86 88 91 92 103 
2 12 25 27 32 36 40 41 45 49 53 57 61 68 69 72 75 78 81 85 86 89 91 92 103 
2 12 25 27 32 36 40 41 48 50 55 58 62 65 70 72 76 79 81 84 86 88 90 92 103 
2 12 25 28 32 36 40 41 45 49 53 57 61 68 69 72 75 78 81 84 87 89 91 92 103 
3 12 25 28 30 36 40 41 45 49 53 57 61 68 69 72 75 78 81 84 86 89 91 93 103 
3 12 25 28 30 36 40 41 45 49 53 57 61 68 69 72 75 78 81 84 86 88 91 93 103 
3 12 25 27 30 36 40 41 46 50 54 58 61 65 69 72 75 79 81 84 86 88 91 92 103 
2 12 25 27 30 36 40 41 45 49 54 58 62 68 69 72 75 78 81 84 86 89 91 93 103 
2 12 25 27 32 36 40 41 46 49 53 57 62 68 69 72 75 78 81 84 86 89 91 93 103 
2 12 25 27 30 36 40 41 46 50 54 59 62 68 69 72 75 78 81 84 86 89 91 93 103 
2 12 25 28 30 36 40 41 46 49 53 57 61 68 69 72 75 78 81 85 86 89 91 92 103 
2 12 25 27 30 36 40 41 46 50 54 58 62 68 69 72 75 78 81 84 86 89 91 93 103 
2 12 25 27 30 36 40 42 46 49 53 58 62 68 69 72 75 78 81 84 86 88 91 93 103 
2 12 25 27 30 36 40 42 46 52 54 58 63 65 70 72 75 78 81 84 86 88 91 93 103 
3 12 25 28 30 36 40 42 45 50 54 57 62 68 69 72 75 78 81 84 86 89 91 92 103 
2 12 25 27 32 36 40 41 46 50 54 58 62 68 69 72 75 78 81 84 86 88 91 92 103 
3 12 25 28 32 36 39 41 45 49 53 57 61 68 69 72 75 78 81 85 87 89 91 93 103 
3 12 25 28 30 36 40 41 45 49 54 57 61 68 69 72 75 78 81 85 87 89 91 93 103 
3 12 25 28 30 36 40 42 45 49 54 57 62 68 69 72 75 78 81 84 87 89 91 93 103 
3 12 25 28 30 36 40 42 45 49 54 57 62 68 69 72 75 78 81 84 87 89 91 93 103 
3 12 25 28 30 36 40 41 45 49 53 57 62 68 69 72 75 78 81 85 87 89 91 93 103 
3 12 25 28 30 36 40 42 45 49 54 57 61 68 69 72 75 78 81 84 87 89 91 93 103 
3 12 25 28 32 36 39 41 45 49 53 57 61 68 69 72 75 78 81 85 87 89 91 92 103 
3 12 25 28 30 36 39 41 45 49 53 57 61 68 69 72 75 78 81 84 87 89 91 93 103 
3 12 25 28 30 36 39 41 45 49 53 57 61 68 69 72 75 78 81 84 87 89 91 93 103 
3 12 26 28 30 36 39 41 45 49 53 57 61 68 69 72 75 78 81 85 87 89 91 93 103 
3 12 25 28 32 36 39 41 45 49 53 57 61 68 69 72 75 78 81 85 87 89 91 92 103 
3 12 25 27 30 36 39 41 46 49 54 57 62 66 69 72 75 78 81 85 86 89 91 93 103 
3 12 25 27 30 36 39 41 45 49 54 58 62 68 69 72 75 78 81 85 86 89 91 92 103 
3 12 25 27 30 36 39 41 45 49 53 57 61 68 69 72 75 78 81 85 87 89 91 93 103 
3 12 25 27 30 36 39 42 45 49 53 57 61 68 69 72 75 78 81 85 87 89 91 93 103 
3 12 26 28 30 36 39 41 45 49 53 57 61 68 69 72 75 78 81 85 87 89 91 93 103 
2 12 25 28 32 36 40 41 45 49 53 57 61 68 69 72 75 78 81 84 87 89 91 93 103 
1 5 25 28 31 34 40 42 45 49 53 57 61 68 69 72 75 78 81 84 86 89 91 93 103 
2 6 25 28 31 36 40 43 45 49 53 57 61 68 69 72 75 78 81 84 87 89 90 92 103 
2 6 25 28 30 36 40 41 45 49 53 57 61 68 69 72 75 78 81 85 87 89 91 93 103 
2 6 25 28 30 36 40 41 45 49 53 57 61 68 69 72 75 78 81 85 86 89 91 93 103 
2 6 25 28 31 34 40 42 45 49 53 57 61 68 69 72 75 78 81 84 86 89 91 93 103 
2 6 25 28 32 36 40 41 45 49 53 57 61 68 69 72 75 78 81 85 86 89 91 93 103 
2 6 25 28 32 36 40 41 45 49 53 57 61 68 69 72 75 78 81 84 86 89 91 93 103 
2 6 25 27 32 36 40 42 46 50 54 58 63 68 69 72 75 78 81 84 86 88 90 93 103 
2 6 25 27 32 36 40 42 46 49 54 58 62 68 69 72 75 78 81 84 86 89 90 93 103 
2 6 25 28 32 36 40 41 45 49 53 57 61 68 69 72 75 78 81 84 86 89 91 93 103 
3 6 25 28 32 36 40 41 45 49 53 57 61 68 69 72 75 78 81 84 86 89 91 93 103 
3 6 25 28 32 36 40 41 45 49 53 57 61 68 69 72 75 78 81 84 86 89 91 93 103 
3 6 26 28 32 36 40 41 45 49 53 57 61 68 69 72 75 78 81 84 86 89 91 93 103 
3 6 25 28 32 36 40 44 46 49 54 58 62 68 69 72 75 78 81 84 86 89 91 93 103 
3 6 25 28 32 36 40 41 45 50 53 57 61 68 69 72 75 78 81 84 86 89 91 93 103 
3 6 25 28 30 34 40 41 45 49 53 57 62 68 69 72 75 78 81 84 86 89 91 93 103 
3 6 25 28 30 34 40 41 45 49 53 57 62 68 69 72 75 78 81 84 86 89 91 93 103 
3 6 25 28 30 34 39 42 45 49 53 57 61 68 69 72 75 78 81 84 86 89 91 93 103 
3 6 26 28 32 36 39 42 45 49 53 57 61 68 69 72 75 78 81 85 87 89 91 93 103 
3 6 26 28 30 36 39 41 45 49 53 57 61 68 69 72 75 78 81 84 87 89 91 93 103 
3 6 26 28 30 36 37 41 45 49 53 57 61 68 69 72 75 78 81 84 87 89 91 93 103 
3 6 25 28 30 36 38 41 45 49 53 57 62 68 69 72 75 78 81 84 86 89 91 93 103 
3 6 25 28 30 36 38 41 45 49 53 57 62 68 69 72 75 78 81 84 86 89 91 93 103 
3 6 25 28 30 36 38 41 45 49 53 57 61 68 69 72 75 78 81 84 86 89 91 93 103 
3 6 26 28 30 36 37 41 45 49 53 57 61 68 69 72 75 78 81 84 86 89 91 93 103 
3 6 26 28 30 36 37 41 45 49 53 57 61 68 69 72 75 78 81 84 86 89 91 93 103 
1 5 25 28 30 34 40 41 45 49 53 57 61 68 69 72 75 78 81 84 86 88 90 92 103 
2 5 25 28 30 33 40 41 45 49 54 57 61 68 69 72 75 78 81 84 86 89 91 93 103 
2 5 25 28 30 34 40 41 45 49 53 57 61 65 69 72 75 78 81 84 86 89 91 93 103 
2 5 25 27 30 34 40 42 46 49 53 57 61 68 69 72 75 78 81 84 86 89 91 93 103 
2 5 25 28 30 34 40 41 45 49 53 57 61 68 69 72 75 78 81 84 86 89 91 93 103 
2 5 25 27 31 35 40 42 46 49 53 58 62 68 69 72 75 79 81 84 86 89 91 93 103 
2 5 25 27 30 34 40 41 46 50 54 58 62 65 69 72 75 78 81 84 86 89 91 93 103 
3 5 25 28 30 34 40 43 45 50 54 58 62 68 69 72 75 78 81 85 87 89 91 92 103 
3 5 25 28 30 35 40 42 45 49 53 57 61 68 69 72 75 78 81 84 86 89 91 93 103 
3 5 25 28 30 34 40 41 45 49 53 57 61 68 69 72 75 78 81 85 87 89 91 93 103 
3 5 25 28 30 34 40 41 45 49 53 57 61 68 69 72 75 78 81 85 87 89 91 93 103 
3 5 26 28 32 36 39 41 45 49 53 57 61 68 69 72 75 78 81 85 87 89 91 93 103 
3 5 25 28 30 35 40 42 45 49 54 58 61 65 69 72 75 78 81 85 87 89 91 93 103 
3 5 25 28 30 34 40 41 45 49 53 57 61 68 69 72 75 78 81 85 87 89 91 93 103 
3 5 25 28 30 34 39 41 45 49 53 57 61 68 69 72 75 78 81 85 87 89 91 93 103 
3 5 25 28 30 34 39 41 45 49 53 57 61 68 69 72 75 78 81 84 87 89 91 93 103 
2 17 25 27 31 35 40 41 46 50 53 57 61 68 69 72 75 78 81 84 86 89 91 93 103 
2 17 25 27 30 34 40 41 46 49 54 57 62 68 69 72 75 78 81 85 86 89 91 93 103 
3 17 25 27 30 34 40 42 46 49 54 59 62 68 69 72 75 78 81 84 87 89 91 92 103 
3 17 25 28 30 34 40 41 45 49 53 57 61 68 69 72 75 78 81 84 87 89 91 93 103 
3 17 25 28 30 34 40 41 45 49 53 57 61 68 69 72 75 78 81 85 87 89 91 93 103 
3 17 26 28 31 36 38 41 45 49 53 57 61 68 69 72 75 78 81 84 87 89 91 93 103 
3 17 25 28 31 34 40 41 45 49 53 57 61 68 69 72 75 78 81 84 87 89 90 93 103 
2 4 25 27 31 35 40 42 46 49 54 58 62 65 70 72 75 78 81 84 87 89 91 93 103 
2 4 25 27 30 34 40 41 46 49 55 57 62 68 69 72 75 78 81 84 87 89 90 93 103 
3 4 25 28 30 34 40 41 45 49 53 57 61 68 69 72 75 78 81 84 87 89 91 93 103 
3 4 25 28 30 34 39 41 45 49 53 57 61 68 69 72 75 78 81 84 87 89 91 93 103 
3 4 26 28 30 36 39 41 45 49 53 57 61 68 69 72 75 78 81 84 87 89 91 93 103 
3 4 26 28 31 36 38 41 45 49 53 57 61 68 69 72 75 78 81 84 87 89 91 93 103 
3 4 26 28 31 36 38 41 45 49 53 57 61 68 69 72 75 78 81 84 87 89 91 93 103 
1 6 25 28 32 36 40 41 45 49 54 57 62 68 69 72 75 78 81 84 86 89 91 93 103 
1 15 25 28 30 34 40 42 46 49 54 60 62 68 69 72 75 78 81 84 86 88 90 92 103 
1 15 25 28 30 34 40 41 45 49 53 57 61 68 69 72 75 78 81 84 86 89 91 93 103 
2 15 25 28 30 34 40 41 46 49 53 57 61 68 69 72 75 78 81 84 86 89 91 93 103 
2 15 25 28 30 34 40 41 45 49 53 57 61 68 69 72 75 78 81 84 86 88 91 93 103 
2 15 25 28 30 34 40 42 45 49 53 58 61 68 69 72 75 78 81 84 86 88 91 93 103 
2 15 25 27 32 36 40 41 46 51 54 57 61 68 69 72 75 78 81 84 86 89 91 93 103 
3 15 26 28 32 36 40 41 45 49 53 57 61 68 69 72 75 78 81 84 86 89 91 93 103 
3 15 26 28 30 36 39 42 45 49 53 57 61 68 69 72 75 78 81 84 86 89 91 93 103 
2 15 25 28 30 34 39 42 45 49 53 57 61 68 69 72 75 78 81 84 86 89 91 93 103 
2 15 25 28 30 34 39 42 45 49 53 57 61 68 69 72 75 78 81 84 86 89 91 93 103 
3 15 26 28 32 36 39 41 45 49 53 57 61 68 69 72 75 78 81 84 86 89 91 93 103 
3 15 26 28 32 36 39 41 45 49 53 57 61 68 69 72 75 78 81 84 86 89 91 93 103 
3 15 26 28 32 36 39 41 45 49 53 57 61 68 69 72 75 78 81 84 86 89 91 93 103 
3 15 25 28 30 34 38 42 45 49 53 57 61 68 69 72 75 79 81 84 87 89 91 93 103 
3 15 25 28 30 34 37 41 45 49 53 57 61 68 69 72 75 78 81 84 87 89 91 93 103 
1 19 25 28 30 36 40 41 45 49 53 58 61 68 69 72 77 78 81 84 87 89 91 92 103 
2 19 25 28 30 34 40 41 45 50 53 57 61 68 69 72 77 78 81 85 87 89 91 93 103 
2 19 25 28 30 34 40 41 45 49 53 57 61 68 69 72 77 78 81 85 87 89 91 93 103 
3 19 25 28 30 35 40 41 45 49 54 58 62 68 69 72 77 78 81 85 87 89 91 93 103 
3 19 25 28 30 35 40 41 45 49 53 57 61 68 69 72 77 78 81 85 87 89 91 93 103 
1 23 25 27 30 34 40 41 45 50 54 58 62 66 70 72 77 79 81 84 87 88 91 93 103 
3 23 25 28 30 34 38 42 45 49 53 57 61 68 69 72 75 79 81 84 87 89 91 93 103 
3 23 25 28 30 34 39 41 45 49 53 57 61 68 69 72 75 78 81 84 87 89 91 93 103 
1 7 25 28 30 34 40 41 45 50 54 58 62 68 69 72 75 79 81 84 87 89 91 93 103 
3 7 25 28 30 34 38 41 45 49 53 58 61 68 69 72 75 78 81 84 87 89 91 93 103 
3 7 25 28 30 34 38 41 45 49 53 58 61 68 69 72 75 78 81 84 87 89 91 93 103 
